# This is a shortened example data file on which the script analysis.py operates. It is produced by running Monte Carlo simulation using SC software available
# at https://github.com/robertvacha/SC

# the line below is irrelevant for our analysis, a high number of sweeps occur in standart data file
sweep 10000; box 17.2692093009 17.2692093009 50.0000000000

# peptide helix A | a point describing peptide's position by x,y,z cartesian coordinates (3 cols) | a vector describing peptide's orientation (3 cols) | other cols are irellevant
-6.06884310e+00  6.87419357e+00  1.88074361e+01    8.89618406e-01 -2.22718592e-01 -3.98717343e-01   -3.50123276e-01  2.27973236e-01 -9.08538329e-01 0 0
# peptide helix B | a point describing peptide's position by x,y,z cartesian coordinates (3 cols) | a vector describing peptide's orientation (3 cols) | other cols are irellevant
 7.67491796e+00  8.57987285e+00  1.86265346e+01    7.94718869e-01 -6.02895836e-01 -7.02746766e-02    7.56235624e-02  2.13224351e-01 -9.74072098e-01 0 0
# rest are phospholipids from the membrane | a point describing phospholipid's position by x,y,z cartesian coordinates (3 cols) | a vector describing phospholipids's orientation (3 cols) | other cols are irellevant
 6.45929403e-01  6.99238271e+00  1.30617665e+01    0.00000000e+00  0.00000000e+00  0.00000000e+00    0.00000000e+00  0.00000000e+00  0.00000000e+00 0 1
 2.17274309e-01  7.15697377e+00  1.40122053e+01    0.00000000e+00  0.00000000e+00  0.00000000e+00    0.00000000e+00  0.00000000e+00  0.00000000e+00 0 1
 4.47655939e-02  7.21259104e+00  1.49108381e+01    0.00000000e+00  0.00000000e+00  0.00000000e+00    0.00000000e+00  0.00000000e+00  0.00000000e+00 0 1
 1.04330748e+00  4.59962668e+00  1.79171273e+01    0.00000000e+00  0.00000000e+00  0.00000000e+00    0.00000000e+00  0.00000000e+00  0.00000000e+00 0 1
 8.33310181e-01  4.50253392e+00  1.70221279e+01    0.00000000e+00  0.00000000e+00  0.00000000e+00    0.00000000e+00  0.00000000e+00  0.00000000e+00 0 1
 9.85827538e-01  4.07714125e+00  1.60900469e+01    0.00000000e+00  0.00000000e+00  0.00000000e+00    0.00000000e+00  0.00000000e+00  0.00000000e+00 0 1
 7.89669581e-01  3.26977347e+00  1.41252801e+01    0.00000000e+00  0.00000000e+00  0.00000000e+00    0.00000000e+00  0.00000000e+00  0.00000000e+00 0 1
 5.19075740e-01  2.85834718e+00  1.49014732e+01    0.00000000e+00  0.00000000e+00  0.00000000e+00    0.00000000e+00  0.00000000e+00  0.00000000e+00 0 1
-2.11169818e-01  2.49420219e+00  1.54043662e+01    0.00000000e+00  0.00000000e+00  0.00000000e+00    0.00000000e+00  0.00000000e+00  0.00000000e+00 0 1
 8.12290577e+00  2.66188105e+00  1.75707356e+01    0.00000000e+00  0.00000000e+00  0.00000000e+00    0.00000000e+00  0.00000000e+00  0.00000000e+00 0 1
 8.04510682e+00  2.68316030e+00  1.66195818e+01    0.00000000e+00  0.00000000e+00  0.00000000e+00    0.00000000e+00  0.00000000e+00  0.00000000e+00 0 1
 7.96756428e+00  2.95921131e+00  1.56545438e+01    0.00000000e+00  0.00000000e+00  0.00000000e+00    0.00000000e+00  0.00000000e+00  0.00000000e+00 0 1
 1.39095655e+00  3.96995827e+00  1.33358616e+01    0.00000000e+00  0.00000000e+00  0.00000000e+00    0.00000000e+00  0.00000000e+00  0.00000000e+00 0 1
 1.77398491e+00  3.59369731e+00  1.41902867e+01    0.00000000e+00  0.00000000e+00  0.00000000e+00    0.00000000e+00  0.00000000e+00  0.00000000e+00 0 1
 2.22185938e+00  3.34733903e+00  1.51025656e+01    0.00000000e+00  0.00000000e+00  0.00000000e+00    0.00000000e+00  0.00000000e+00  0.00000000e+00 0 1
-7.08629906e+00  4.34609530e+00  1.35866565e+01    0.00000000e+00  0.00000000e+00  0.00000000e+00    0.00000000e+00  0.00000000e+00  0.00000000e+00 0 1
-7.23412899e+00  3.83388423e+00  1.44376623e+01    0.00000000e+00  0.00000000e+00  0.00000000e+00    0.00000000e+00  0.00000000e+00  0.00000000e+00 0 1
-7.21280062e+00  3.49898035e+00  1.53654623e+01    0.00000000e+00  0.00000000e+00  0.00000000e+00    0.00000000e+00  0.00000000e+00  0.00000000e+00 0 1
 4.22309934e-01  6.19334579e+00  1.34028901e+01    0.00000000e+00  0.00000000e+00  0.00000000e+00    0.00000000e+00  0.00000000e+00  0.00000000e+00 0 1
 6.72526219e-01  6.29651550e+00  1.43801169e+01    0.00000000e+00  0.00000000e+00  0.00000000e+00    0.00000000e+00  0.00000000e+00  0.00000000e+00 0 1
 9.41223126e-01  6.71674097e+00  1.52783777e+01    0.00000000e+00  0.00000000e+00  0.00000000e+00    0.00000000e+00  0.00000000e+00  0.00000000e+00 0 1
 4.90360839e+00 -5.18235375e+00  1.83204989e+01    0.00000000e+00  0.00000000e+00  0.00000000e+00    0.00000000e+00  0.00000000e+00  0.00000000e+00 0 1
 4.98355076e+00 -5.11762524e+00  1.73650277e+01    0.00000000e+00  0.00000000e+00  0.00000000e+00    0.00000000e+00  0.00000000e+00  0.00000000e+00 0 1
 4.90074489e+00 -5.07433769e+00  1.63951506e+01    0.00000000e+00  0.00000000e+00  0.00000000e+00    0.00000000e+00  0.00000000e+00  0.00000000e+00 0 1
-4.85798319e+00  5.01721931e+00  1.78654082e+01    0.00000000e+00  0.00000000e+00  0.00000000e+00    0.00000000e+00  0.00000000e+00  0.00000000e+00 0 1
-5.09503311e+00  4.96284760e+00  1.69871168e+01    0.00000000e+00  0.00000000e+00  0.00000000e+00    0.00000000e+00  0.00000000e+00  0.00000000e+00 0 1
-5.12021880e+00  4.78402904e+00  1.60867288e+01    0.00000000e+00  0.00000000e+00  0.00000000e+00    0.00000000e+00  0.00000000e+00  0.00000000e+00 0 1
 4.03210316e+00 -8.51523087e+00  1.82393833e+01    0.00000000e+00  0.00000000e+00  0.00000000e+00    0.00000000e+00  0.00000000e+00  0.00000000e+00 0 1
 4.32096272e+00  8.53814592e+00  1.73347277e+01    0.00000000e+00  0.00000000e+00  0.00000000e+00    0.00000000e+00  0.00000000e+00  0.00000000e+00 0 1
 4.38743493e+00  8.19786891e+00  1.64073376e+01    0.00000000e+00  0.00000000e+00  0.00000000e+00    0.00000000e+00  0.00000000e+00  0.00000000e+00 0 1
 4.13350578e+00  2.18180769e+00  1.80950434e+01    0.00000000e+00  0.00000000e+00  0.00000000e+00    0.00000000e+00  0.00000000e+00  0.00000000e+00 0 1
 4.30507104e+00  2.36947054e+00  1.71459294e+01    0.00000000e+00  0.00000000e+00  0.00000000e+00    0.00000000e+00  0.00000000e+00  0.00000000e+00 0 1
 4.42812139e+00  2.47314484e+00  1.61417348e+01    0.00000000e+00  0.00000000e+00  0.00000000e+00    0.00000000e+00  0.00000000e+00  0.00000000e+00 0 1
-8.84084140e-01 -4.12654145e+00  1.78605197e+01    0.00000000e+00  0.00000000e+00  0.00000000e+00    0.00000000e+00  0.00000000e+00  0.00000000e+00 0 1
-1.05229750e+00 -4.37521394e+00  1.69479421e+01    0.00000000e+00  0.00000000e+00  0.00000000e+00    0.00000000e+00  0.00000000e+00  0.00000000e+00 0 1
-1.19899984e+00 -4.53617701e+00  1.59203242e+01    0.00000000e+00  0.00000000e+00  0.00000000e+00    0.00000000e+00  0.00000000e+00  0.00000000e+00 0 1
-2.97160814e+00  6.45152490e+00  1.39738764e+01    0.00000000e+00  0.00000000e+00  0.00000000e+00    0.00000000e+00  0.00000000e+00  0.00000000e+00 0 1
-2.89365383e+00  6.30972680e+00  1.48812912e+01    0.00000000e+00  0.00000000e+00  0.00000000e+00    0.00000000e+00  0.00000000e+00  0.00000000e+00 0 1
-2.50520707e+00  6.26986694e+00  1.58367862e+01    0.00000000e+00  0.00000000e+00  0.00000000e+00    0.00000000e+00  0.00000000e+00  0.00000000e+00 0 1
 6.57203926e+00  4.20408525e+00  1.68827717e+01    0.00000000e+00  0.00000000e+00  0.00000000e+00    0.00000000e+00  0.00000000e+00  0.00000000e+00 0 1
 6.49734940e+00  4.13818913e+00  1.59038160e+01    0.00000000e+00  0.00000000e+00  0.00000000e+00    0.00000000e+00  0.00000000e+00  0.00000000e+00 0 1
 6.68986811e+00  3.99349625e+00  1.49526563e+01    0.00000000e+00  0.00000000e+00  0.00000000e+00    0.00000000e+00  0.00000000e+00  0.00000000e+00 0 1
 5.33415761e+00 -6.85169366e+00  1.79485044e+01    0.00000000e+00  0.00000000e+00  0.00000000e+00    0.00000000e+00  0.00000000e+00  0.00000000e+00 0 1
 5.13858057e+00 -7.03066542e+00  1.70544312e+01    0.00000000e+00  0.00000000e+00  0.00000000e+00    0.00000000e+00  0.00000000e+00  0.00000000e+00 0 1
 5.17494994e+00 -7.61441426e+00  1.62316971e+01    0.00000000e+00  0.00000000e+00  0.00000000e+00    0.00000000e+00  0.00000000e+00  0.00000000e+00 0 1
-2.28174416e-02 -5.81487974e+00  1.86870203e+01    0.00000000e+00  0.00000000e+00  0.00000000e+00    0.00000000e+00  0.00000000e+00  0.00000000e+00 0 1
-2.76272833e-03 -6.04722179e+00  1.77899886e+01    0.00000000e+00  0.00000000e+00  0.00000000e+00    0.00000000e+00  0.00000000e+00  0.00000000e+00 0 1
-1.06994322e-01 -5.99525487e+00  1.68028115e+01    0.00000000e+00  0.00000000e+00  0.00000000e+00    0.00000000e+00  0.00000000e+00  0.00000000e+00 0 1
 6.96431459e+00 -3.55635232e+00  1.83873713e+01    0.00000000e+00  0.00000000e+00  0.00000000e+00    0.00000000e+00  0.00000000e+00  0.00000000e+00 0 1
 6.97420546e+00 -3.68212865e+00  1.73863355e+01    0.00000000e+00  0.00000000e+00  0.00000000e+00    0.00000000e+00  0.00000000e+00  0.00000000e+00 0 1
 6.81061810e+00 -4.23645466e+00  1.65637104e+01    0.00000000e+00  0.00000000e+00  0.00000000e+00    0.00000000e+00  0.00000000e+00  0.00000000e+00 0 1
-4.22599857e+00  4.16971237e+00  1.80908405e+01    0.00000000e+00  0.00000000e+00  0.00000000e+00    0.00000000e+00  0.00000000e+00  0.00000000e+00 0 1
-4.26314658e+00  3.91565407e+00  1.71833779e+01    0.00000000e+00  0.00000000e+00  0.00000000e+00    0.00000000e+00  0.00000000e+00  0.00000000e+00 0 1
-3.99308564e+00  3.92376144e+00  1.62625658e+01    0.00000000e+00  0.00000000e+00  0.00000000e+00    0.00000000e+00  0.00000000e+00  0.00000000e+00 0 1
-3.43321890e+00  1.37181796e+00  1.85213637e+01    0.00000000e+00  0.00000000e+00  0.00000000e+00    0.00000000e+00  0.00000000e+00  0.00000000e+00 0 1
-3.27050363e+00  1.41861045e+00  1.75733622e+01    0.00000000e+00  0.00000000e+00  0.00000000e+00    0.00000000e+00  0.00000000e+00  0.00000000e+00 0 1
-3.05406182e+00  1.10910604e+00  1.66333049e+01    0.00000000e+00  0.00000000e+00  0.00000000e+00    0.00000000e+00  0.00000000e+00  0.00000000e+00 0 1
-3.49771978e+00 -8.56450184e+00  1.35998266e+01    0.00000000e+00  0.00000000e+00  0.00000000e+00    0.00000000e+00  0.00000000e+00  0.00000000e+00 0 1
-3.26569009e+00 -8.61694814e+00  1.45561354e+01    0.00000000e+00  0.00000000e+00  0.00000000e+00    0.00000000e+00  0.00000000e+00  0.00000000e+00 0 1
-3.26791858e+00  8.00924084e+00  1.54354771e+01    0.00000000e+00  0.00000000e+00  0.00000000e+00    0.00000000e+00  0.00000000e+00  0.00000000e+00 0 1
 5.22073468e+00  5.25358752e+00  1.31685803e+01    0.00000000e+00  0.00000000e+00  0.00000000e+00    0.00000000e+00  0.00000000e+00  0.00000000e+00 0 1
 4.79127325e+00  4.97879005e+00  1.40083155e+01    0.00000000e+00  0.00000000e+00  0.00000000e+00    0.00000000e+00  0.00000000e+00  0.00000000e+00 0 1
 4.35219353e+00  4.63447865e+00  1.48514040e+01    0.00000000e+00  0.00000000e+00  0.00000000e+00    0.00000000e+00  0.00000000e+00  0.00000000e+00 0 1
-6.30995886e+00 -6.03979468e+00  1.41305589e+01    0.00000000e+00  0.00000000e+00  0.00000000e+00    0.00000000e+00  0.00000000e+00  0.00000000e+00 0 1
-6.60244359e+00 -5.85442553e+00  1.50514988e+01    0.00000000e+00  0.00000000e+00  0.00000000e+00    0.00000000e+00  0.00000000e+00  0.00000000e+00 0 1
-6.64502028e+00 -5.15723906e+00  1.57055670e+01    0.00000000e+00  0.00000000e+00  0.00000000e+00    0.00000000e+00  0.00000000e+00  0.00000000e+00 0 1
 7.71851018e+00  5.22141682e+00  1.37248990e+01    0.00000000e+00  0.00000000e+00  0.00000000e+00    0.00000000e+00  0.00000000e+00  0.00000000e+00 0 1
 7.15154950e+00  5.10965457e+00  1.44528128e+01    0.00000000e+00  0.00000000e+00  0.00000000e+00    0.00000000e+00  0.00000000e+00  0.00000000e+00 0 1
 6.79909708e+00  5.02984388e+00  1.53946143e+01    0.00000000e+00  0.00000000e+00  0.00000000e+00    0.00000000e+00  0.00000000e+00  0.00000000e+00 0 1
-3.85272005e+00  3.53189801e+00  1.34635926e+01    0.00000000e+00  0.00000000e+00  0.00000000e+00    0.00000000e+00  0.00000000e+00  0.00000000e+00 0 1
-4.14689366e+00  2.96661638e+00  1.43242732e+01    0.00000000e+00  0.00000000e+00  0.00000000e+00    0.00000000e+00  0.00000000e+00  0.00000000e+00 0 1
-4.40889590e+00  2.53944106e+00  1.51574115e+01    0.00000000e+00  0.00000000e+00  0.00000000e+00    0.00000000e+00  0.00000000e+00  0.00000000e+00 0 1
 1.90277873e+00 -2.65076006e+00  1.82036504e+01    0.00000000e+00  0.00000000e+00  0.00000000e+00    0.00000000e+00  0.00000000e+00  0.00000000e+00 0 1
 1.73448210e+00 -3.04951414e+00  1.73030381e+01    0.00000000e+00  0.00000000e+00  0.00000000e+00    0.00000000e+00  0.00000000e+00  0.00000000e+00 0 1
 1.70045759e+00 -3.36838169e+00  1.63703091e+01    0.00000000e+00  0.00000000e+00  0.00000000e+00    0.00000000e+00  0.00000000e+00  0.00000000e+00 0 1
-6.82123849e+00 -3.70116698e+00  1.36592508e+01    0.00000000e+00  0.00000000e+00  0.00000000e+00    0.00000000e+00  0.00000000e+00  0.00000000e+00 0 1
-6.38783941e+00 -3.45123588e+00  1.45417108e+01    0.00000000e+00  0.00000000e+00  0.00000000e+00    0.00000000e+00  0.00000000e+00  0.00000000e+00 0 1
-6.08793650e+00 -2.91851417e+00  1.53490881e+01    0.00000000e+00  0.00000000e+00  0.00000000e+00    0.00000000e+00  0.00000000e+00  0.00000000e+00 0 1
-1.92494628e+00 -6.55298839e+00  1.84672354e+01    0.00000000e+00  0.00000000e+00  0.00000000e+00    0.00000000e+00  0.00000000e+00  0.00000000e+00 0 1
-1.63561152e+00 -6.63393249e+00  1.76237122e+01    0.00000000e+00  0.00000000e+00  0.00000000e+00    0.00000000e+00  0.00000000e+00  0.00000000e+00 0 1
-1.52253487e+00 -6.57775338e+00  1.66070277e+01    0.00000000e+00  0.00000000e+00  0.00000000e+00    0.00000000e+00  0.00000000e+00  0.00000000e+00 0 1
-2.53222219e+00 -1.05937577e-01  1.78586073e+01    0.00000000e+00  0.00000000e+00  0.00000000e+00    0.00000000e+00  0.00000000e+00  0.00000000e+00 0 1
-2.50662236e+00  5.52729277e-02  1.69644958e+01    0.00000000e+00  0.00000000e+00  0.00000000e+00    0.00000000e+00  0.00000000e+00  0.00000000e+00 0 1
-2.52528701e+00  2.09915656e-01  1.60470454e+01    0.00000000e+00  0.00000000e+00  0.00000000e+00    0.00000000e+00  0.00000000e+00  0.00000000e+00 0 1
 1.00432897e+00 -3.07727783e+00  1.29709315e+01    0.00000000e+00  0.00000000e+00  0.00000000e+00    0.00000000e+00  0.00000000e+00  0.00000000e+00 0 1
 1.23695365e+00 -2.91596484e+00  1.38896296e+01    0.00000000e+00  0.00000000e+00  0.00000000e+00    0.00000000e+00  0.00000000e+00  0.00000000e+00 0 1
 1.31774179e+00 -2.60292793e+00  1.48122266e+01    0.00000000e+00  0.00000000e+00  0.00000000e+00    0.00000000e+00  0.00000000e+00  0.00000000e+00 0 1
-8.93791134e-02  4.34599371e+00  1.84080721e+01    0.00000000e+00  0.00000000e+00  0.00000000e+00    0.00000000e+00  0.00000000e+00  0.00000000e+00 0 1
-1.25427566e-01  4.36879208e+00  1.74058975e+01    0.00000000e+00  0.00000000e+00  0.00000000e+00    0.00000000e+00  0.00000000e+00  0.00000000e+00 0 1
-2.02539739e-01  3.99294252e+00  1.64256782e+01    0.00000000e+00  0.00000000e+00  0.00000000e+00    0.00000000e+00  0.00000000e+00  0.00000000e+00 0 1
-7.73577812e+00  6.20517071e+00  1.39855847e+01    0.00000000e+00  0.00000000e+00  0.00000000e+00    0.00000000e+00  0.00000000e+00  0.00000000e+00 0 1
-8.08700413e+00  6.03596554e+00  1.49673978e+01    0.00000000e+00  0.00000000e+00  0.00000000e+00    0.00000000e+00  0.00000000e+00  0.00000000e+00 0 1
 8.55504139e+00  5.73662991e+00  1.56005358e+01    0.00000000e+00  0.00000000e+00  0.00000000e+00    0.00000000e+00  0.00000000e+00  0.00000000e+00 0 1
-9.70092936e-01  6.53003624e+00  1.81239315e+01    0.00000000e+00  0.00000000e+00  0.00000000e+00    0.00000000e+00  0.00000000e+00  0.00000000e+00 0 1
-1.26751663e+00  6.56736395e+00  1.72183843e+01    0.00000000e+00  0.00000000e+00  0.00000000e+00    0.00000000e+00  0.00000000e+00  0.00000000e+00 0 1
-1.33178651e+00  6.62694434e+00  1.62108508e+01    0.00000000e+00  0.00000000e+00  0.00000000e+00    0.00000000e+00  0.00000000e+00  0.00000000e+00 0 1
 5.28688469e+00 -2.33601948e+00  1.28401442e+01    0.00000000e+00  0.00000000e+00  0.00000000e+00    0.00000000e+00  0.00000000e+00  0.00000000e+00 0 1
 5.36891053e+00 -2.25524821e+00  1.38158554e+01    0.00000000e+00  0.00000000e+00  0.00000000e+00    0.00000000e+00  0.00000000e+00  0.00000000e+00 0 1
 5.57841098e+00 -2.31857116e+00  1.46931026e+01    0.00000000e+00  0.00000000e+00  0.00000000e+00    0.00000000e+00  0.00000000e+00  0.00000000e+00 0 1
-1.78329594e+00 -8.20341193e+00  1.83321666e+01    0.00000000e+00  0.00000000e+00  0.00000000e+00    0.00000000e+00  0.00000000e+00  0.00000000e+00 0 1
-1.93580994e+00 -8.59452484e+00  1.74824439e+01    0.00000000e+00  0.00000000e+00  0.00000000e+00    0.00000000e+00  0.00000000e+00  0.00000000e+00 0 1
-1.95177412e+00 -8.58782014e+00  1.64701980e+01    0.00000000e+00  0.00000000e+00  0.00000000e+00    0.00000000e+00  0.00000000e+00  0.00000000e+00 0 1
-1.07796900e+00  3.89826758e+00  1.78711635e+01    0.00000000e+00  0.00000000e+00  0.00000000e+00    0.00000000e+00  0.00000000e+00  0.00000000e+00 0 1
-1.34545321e+00  3.70836576e+00  1.69881285e+01    0.00000000e+00  0.00000000e+00  0.00000000e+00    0.00000000e+00  0.00000000e+00  0.00000000e+00 0 1
-1.78102649e+00  3.66202091e+00  1.60279809e+01    0.00000000e+00  0.00000000e+00  0.00000000e+00    0.00000000e+00  0.00000000e+00  0.00000000e+00 0 1
 7.70505821e+00  6.20302569e+00  1.73541651e+01    0.00000000e+00  0.00000000e+00  0.00000000e+00    0.00000000e+00  0.00000000e+00  0.00000000e+00 0 1
 7.50070408e+00  6.06845808e+00  1.63447969e+01    0.00000000e+00  0.00000000e+00  0.00000000e+00    0.00000000e+00  0.00000000e+00  0.00000000e+00 0 1
 7.36524403e+00  5.98138412e+00  1.54302845e+01    0.00000000e+00  0.00000000e+00  0.00000000e+00    0.00000000e+00  0.00000000e+00  0.00000000e+00 0 1
-3.75652383e+00  4.99229498e+00  1.82621498e+01    0.00000000e+00  0.00000000e+00  0.00000000e+00    0.00000000e+00  0.00000000e+00  0.00000000e+00 0 1
-3.90854530e+00  5.21253649e+00  1.73372125e+01    0.00000000e+00  0.00000000e+00  0.00000000e+00    0.00000000e+00  0.00000000e+00  0.00000000e+00 0 1
-4.29798580e+00  5.57203326e+00  1.64966412e+01    0.00000000e+00  0.00000000e+00  0.00000000e+00    0.00000000e+00  0.00000000e+00  0.00000000e+00 0 1
-3.78406043e+00 -3.15627868e-01  1.37171284e+01    0.00000000e+00  0.00000000e+00  0.00000000e+00    0.00000000e+00  0.00000000e+00  0.00000000e+00 0 1
-3.46603604e+00 -4.11244758e-01  1.45793458e+01    0.00000000e+00  0.00000000e+00  0.00000000e+00    0.00000000e+00  0.00000000e+00  0.00000000e+00 0 1
-3.09184551e+00 -5.11230957e-01  1.55108209e+01    0.00000000e+00  0.00000000e+00  0.00000000e+00    0.00000000e+00  0.00000000e+00  0.00000000e+00 0 1
 6.44939781e+00 -8.65860018e-01  1.27987243e+01    0.00000000e+00  0.00000000e+00  0.00000000e+00    0.00000000e+00  0.00000000e+00  0.00000000e+00 0 1
 6.33361066e+00 -7.39945458e-01  1.37784276e+01    0.00000000e+00  0.00000000e+00  0.00000000e+00    0.00000000e+00  0.00000000e+00  0.00000000e+00 0 1
 6.21146605e+00 -8.26980991e-01  1.47229638e+01    0.00000000e+00  0.00000000e+00  0.00000000e+00    0.00000000e+00  0.00000000e+00  0.00000000e+00 0 1
 3.99452057e+00 -1.49011743e+00  1.75703211e+01    0.00000000e+00  0.00000000e+00  0.00000000e+00    0.00000000e+00  0.00000000e+00  0.00000000e+00 0 1
 3.60223525e+00 -1.30055745e+00  1.67582172e+01    0.00000000e+00  0.00000000e+00  0.00000000e+00    0.00000000e+00  0.00000000e+00  0.00000000e+00 0 1
 3.22203840e+00 -1.31919052e+00  1.58686024e+01    0.00000000e+00  0.00000000e+00  0.00000000e+00    0.00000000e+00  0.00000000e+00  0.00000000e+00 0 1
-1.60625717e+00  7.39810897e+00  1.77012694e+01    0.00000000e+00  0.00000000e+00  0.00000000e+00    0.00000000e+00  0.00000000e+00  0.00000000e+00 0 1
-1.66376803e+00  7.71449842e+00  1.68496398e+01    0.00000000e+00  0.00000000e+00  0.00000000e+00    0.00000000e+00  0.00000000e+00  0.00000000e+00 0 1
-1.74442424e+00  7.82230339e+00  1.58606885e+01    0.00000000e+00  0.00000000e+00  0.00000000e+00    0.00000000e+00  0.00000000e+00  0.00000000e+00 0 1
-6.33736041e+00  1.11223491e-01  1.81439589e+01    0.00000000e+00  0.00000000e+00  0.00000000e+00    0.00000000e+00  0.00000000e+00  0.00000000e+00 0 1
-6.14059137e+00  1.28490504e-03  1.72224178e+01    0.00000000e+00  0.00000000e+00  0.00000000e+00    0.00000000e+00  0.00000000e+00  0.00000000e+00 0 1
-5.63159257e+00 -1.17127105e-01  1.63591475e+01    0.00000000e+00  0.00000000e+00  0.00000000e+00    0.00000000e+00  0.00000000e+00  0.00000000e+00 0 1
 8.60615986e+00  1.79225691e+00  1.80378483e+01    0.00000000e+00  0.00000000e+00  0.00000000e+00    0.00000000e+00  0.00000000e+00  0.00000000e+00 0 1
 8.50668222e+00  1.82312422e+00  1.70354908e+01    0.00000000e+00  0.00000000e+00  0.00000000e+00    0.00000000e+00  0.00000000e+00  0.00000000e+00 0 1
 8.48201180e+00  2.06622436e+00  1.60020786e+01    0.00000000e+00  0.00000000e+00  0.00000000e+00    0.00000000e+00  0.00000000e+00  0.00000000e+00 0 1
 4.49821710e+00 -7.47203298e+00  1.77501565e+01    0.00000000e+00  0.00000000e+00  0.00000000e+00    0.00000000e+00  0.00000000e+00  0.00000000e+00 0 1
 4.18786237e+00 -7.17319945e+00  1.68386758e+01    0.00000000e+00  0.00000000e+00  0.00000000e+00    0.00000000e+00  0.00000000e+00  0.00000000e+00 0 1
 3.84577284e+00 -7.08419249e+00  1.59262563e+01    0.00000000e+00  0.00000000e+00  0.00000000e+00    0.00000000e+00  0.00000000e+00  0.00000000e+00 0 1
-7.43539442e+00  8.32253550e+00  1.50078709e+01    0.00000000e+00  0.00000000e+00  0.00000000e+00    0.00000000e+00  0.00000000e+00  0.00000000e+00 0 1
-7.48204799e+00  8.01886623e+00  1.59178174e+01    0.00000000e+00  0.00000000e+00  0.00000000e+00    0.00000000e+00  0.00000000e+00  0.00000000e+00 0 1
-7.95869105e+00  7.49340420e+00  1.65528212e+01    0.00000000e+00  0.00000000e+00  0.00000000e+00    0.00000000e+00  0.00000000e+00  0.00000000e+00 0 1
-1.06222273e+00 -2.16516152e+00  1.83948149e+01    0.00000000e+00  0.00000000e+00  0.00000000e+00    0.00000000e+00  0.00000000e+00  0.00000000e+00 0 1
-1.00992931e+00 -2.06380775e+00  1.73849032e+01    0.00000000e+00  0.00000000e+00  0.00000000e+00    0.00000000e+00  0.00000000e+00  0.00000000e+00 0 1
-9.97647937e-01 -2.15317717e+00  1.63825881e+01    0.00000000e+00  0.00000000e+00  0.00000000e+00    0.00000000e+00  0.00000000e+00  0.00000000e+00 0 1
 3.86333461e+00  3.03875625e+00  1.31969335e+01    0.00000000e+00  0.00000000e+00  0.00000000e+00    0.00000000e+00  0.00000000e+00  0.00000000e+00 0 1
 3.93558976e+00  2.89292247e+00  1.41582227e+01    0.00000000e+00  0.00000000e+00  0.00000000e+00    0.00000000e+00  0.00000000e+00  0.00000000e+00 0 1
 4.07988958e+00  2.67650039e+00  1.51146363e+01    0.00000000e+00  0.00000000e+00  0.00000000e+00    0.00000000e+00  0.00000000e+00  0.00000000e+00 0 1
 1.77243979e+00 -6.95128390e+00  1.29166689e+01    0.00000000e+00  0.00000000e+00  0.00000000e+00    0.00000000e+00  0.00000000e+00  0.00000000e+00 0 1
 1.77724365e+00 -6.96260565e+00  1.39638114e+01    0.00000000e+00  0.00000000e+00  0.00000000e+00    0.00000000e+00  0.00000000e+00  0.00000000e+00 0 1
 1.80251203e+00 -6.99569197e+00  1.50556534e+01    0.00000000e+00  0.00000000e+00  0.00000000e+00    0.00000000e+00  0.00000000e+00  0.00000000e+00 0 1
-7.97006797e-01 -5.32693982e+00  1.36122550e+01    0.00000000e+00  0.00000000e+00  0.00000000e+00    0.00000000e+00  0.00000000e+00  0.00000000e+00 0 1
-4.42307354e-01 -5.27221910e+00  1.44766267e+01    0.00000000e+00  0.00000000e+00  0.00000000e+00    0.00000000e+00  0.00000000e+00  0.00000000e+00 0 1
-4.22540181e-01 -5.01738604e+00  1.54411271e+01    0.00000000e+00  0.00000000e+00  0.00000000e+00    0.00000000e+00  0.00000000e+00  0.00000000e+00 0 1
-6.35174675e+00  1.77942322e-01  1.35531325e+01    0.00000000e+00  0.00000000e+00  0.00000000e+00    0.00000000e+00  0.00000000e+00  0.00000000e+00 0 1
-6.18524728e+00  2.16784695e-01  1.44648114e+01    0.00000000e+00  0.00000000e+00  0.00000000e+00    0.00000000e+00  0.00000000e+00  0.00000000e+00 0 1
-6.46252171e+00  4.39852195e-01  1.53390375e+01    0.00000000e+00  0.00000000e+00  0.00000000e+00    0.00000000e+00  0.00000000e+00  0.00000000e+00 0 1
-7.83570216e+00  3.46770572e-02  1.28950431e+01    0.00000000e+00  0.00000000e+00  0.00000000e+00    0.00000000e+00  0.00000000e+00  0.00000000e+00 0 1
-7.93163376e+00 -1.49839729e-02  1.38767120e+01    0.00000000e+00  0.00000000e+00  0.00000000e+00    0.00000000e+00  0.00000000e+00  0.00000000e+00 0 1
-8.03479886e+00 -6.85905776e-02  1.47681126e+01    0.00000000e+00  0.00000000e+00  0.00000000e+00    0.00000000e+00  0.00000000e+00  0.00000000e+00 0 1
 1.96206683e+00 -1.11383882e+00  1.78122876e+01    0.00000000e+00  0.00000000e+00  0.00000000e+00    0.00000000e+00  0.00000000e+00  0.00000000e+00 0 1
 1.91723264e+00 -1.33859185e+00  1.68573314e+01    0.00000000e+00  0.00000000e+00  0.00000000e+00    0.00000000e+00  0.00000000e+00  0.00000000e+00 0 1
 2.21199962e+00 -1.41874782e+00  1.58843051e+01    0.00000000e+00  0.00000000e+00  0.00000000e+00    0.00000000e+00  0.00000000e+00  0.00000000e+00 0 1
-2.95753683e+00 -4.40512280e+00  1.36482679e+01    0.00000000e+00  0.00000000e+00  0.00000000e+00    0.00000000e+00  0.00000000e+00  0.00000000e+00 0 1
-2.49846735e+00 -4.66160038e+00  1.45732701e+01    0.00000000e+00  0.00000000e+00  0.00000000e+00    0.00000000e+00  0.00000000e+00  0.00000000e+00 0 1
-2.18021099e+00 -4.78379063e+00  1.54817676e+01    0.00000000e+00  0.00000000e+00  0.00000000e+00    0.00000000e+00  0.00000000e+00  0.00000000e+00 0 1
-7.04834664e+00 -1.54407668e+00  1.31267178e+01    0.00000000e+00  0.00000000e+00  0.00000000e+00    0.00000000e+00  0.00000000e+00  0.00000000e+00 0 1
-7.10515531e+00 -1.68173933e+00  1.40868590e+01    0.00000000e+00  0.00000000e+00  0.00000000e+00    0.00000000e+00  0.00000000e+00  0.00000000e+00 0 1
-7.40545955e+00 -1.80866225e+00  1.50034045e+01    0.00000000e+00  0.00000000e+00  0.00000000e+00    0.00000000e+00  0.00000000e+00  0.00000000e+00 0 1
 2.87105679e-01 -2.01016455e+00  1.84789622e+01    0.00000000e+00  0.00000000e+00  0.00000000e+00    0.00000000e+00  0.00000000e+00  0.00000000e+00 0 1
 6.71713249e-02 -1.81103171e+00  1.75856266e+01    0.00000000e+00  0.00000000e+00  0.00000000e+00    0.00000000e+00  0.00000000e+00  0.00000000e+00 0 1
-1.28916359e-01 -1.80042464e+00  1.65397808e+01    0.00000000e+00  0.00000000e+00  0.00000000e+00    0.00000000e+00  0.00000000e+00  0.00000000e+00 0 1
 6.43376020e+00 -2.50231807e+00  1.84972778e+01    0.00000000e+00  0.00000000e+00  0.00000000e+00    0.00000000e+00  0.00000000e+00  0.00000000e+00 0 1
 6.53054711e+00 -2.40858813e+00  1.74761776e+01    0.00000000e+00  0.00000000e+00  0.00000000e+00    0.00000000e+00  0.00000000e+00  0.00000000e+00 0 1
 6.46446637e+00 -2.07314702e+00  1.65470763e+01    0.00000000e+00  0.00000000e+00  0.00000000e+00    0.00000000e+00  0.00000000e+00  0.00000000e+00 0 1
 3.68790086e+00  1.04321456e+00  1.34223335e+01    0.00000000e+00  0.00000000e+00  0.00000000e+00    0.00000000e+00  0.00000000e+00  0.00000000e+00 0 1
 3.10995033e+00  9.56140543e-01  1.42470330e+01    0.00000000e+00  0.00000000e+00  0.00000000e+00    0.00000000e+00  0.00000000e+00  0.00000000e+00 0 1
 2.31630128e+00  9.24333568e-01  1.48396614e+01    0.00000000e+00  0.00000000e+00  0.00000000e+00    0.00000000e+00  0.00000000e+00  0.00000000e+00 0 1
 3.19960896e+00 -4.71989904e+00  1.86355022e+01    0.00000000e+00  0.00000000e+00  0.00000000e+00    0.00000000e+00  0.00000000e+00  0.00000000e+00 0 1
 3.07899827e+00 -4.38670895e+00  1.77573894e+01    0.00000000e+00  0.00000000e+00  0.00000000e+00    0.00000000e+00  0.00000000e+00  0.00000000e+00 0 1
 3.05868891e+00 -4.44844702e+00  1.67879600e+01    0.00000000e+00  0.00000000e+00  0.00000000e+00    0.00000000e+00  0.00000000e+00  0.00000000e+00 0 1
-4.17974474e+00  6.97131310e+00  1.40212345e+01    0.00000000e+00  0.00000000e+00  0.00000000e+00    0.00000000e+00  0.00000000e+00  0.00000000e+00 0 1
-3.96996654e+00  6.84318417e+00  1.49134434e+01    0.00000000e+00  0.00000000e+00  0.00000000e+00    0.00000000e+00  0.00000000e+00  0.00000000e+00 0 1
-3.46248681e+00  6.63014016e+00  1.56713326e+01    0.00000000e+00  0.00000000e+00  0.00000000e+00    0.00000000e+00  0.00000000e+00  0.00000000e+00 0 1
 2.21182647e+00 -5.42238024e+00  1.28390183e+01    0.00000000e+00  0.00000000e+00  0.00000000e+00    0.00000000e+00  0.00000000e+00  0.00000000e+00 0 1
 2.25374046e+00 -5.74036634e+00  1.38035019e+01    0.00000000e+00  0.00000000e+00  0.00000000e+00    0.00000000e+00  0.00000000e+00  0.00000000e+00 0 1
 2.29652853e+00 -5.84149575e+00  1.48535330e+01    0.00000000e+00  0.00000000e+00  0.00000000e+00    0.00000000e+00  0.00000000e+00  0.00000000e+00 0 1
 3.62474502e+00  6.25558463e+00  1.74656763e+01    0.00000000e+00  0.00000000e+00  0.00000000e+00    0.00000000e+00  0.00000000e+00  0.00000000e+00 0 1
 3.29516478e+00  6.24354327e+00  1.65551962e+01    0.00000000e+00  0.00000000e+00  0.00000000e+00    0.00000000e+00  0.00000000e+00  0.00000000e+00 0 1
 2.77338867e+00  6.14751726e+00  1.57306593e+01    0.00000000e+00  0.00000000e+00  0.00000000e+00    0.00000000e+00  0.00000000e+00  0.00000000e+00 0 1
-2.20539957e+00  4.08250998e+00  1.85094681e+01    0.00000000e+00  0.00000000e+00  0.00000000e+00    0.00000000e+00  0.00000000e+00  0.00000000e+00 0 1
-1.99111789e+00  4.31594929e+00  1.75059649e+01    0.00000000e+00  0.00000000e+00  0.00000000e+00    0.00000000e+00  0.00000000e+00  0.00000000e+00 0 1
-2.17809339e+00  4.39324808e+00  1.65440506e+01    0.00000000e+00  0.00000000e+00  0.00000000e+00    0.00000000e+00  0.00000000e+00  0.00000000e+00 0 1
 2.28767979e+00 -1.06026736e+00  1.30922999e+01    0.00000000e+00  0.00000000e+00  0.00000000e+00    0.00000000e+00  0.00000000e+00  0.00000000e+00 0 1
 2.16457643e+00 -9.00606168e-01  1.40338102e+01    0.00000000e+00  0.00000000e+00  0.00000000e+00    0.00000000e+00  0.00000000e+00  0.00000000e+00 0 1
 2.62166700e+00 -1.08289648e+00  1.48822417e+01    0.00000000e+00  0.00000000e+00  0.00000000e+00    0.00000000e+00  0.00000000e+00  0.00000000e+00 0 1
-2.30708408e+00 -5.81101694e+00  1.79269753e+01    0.00000000e+00  0.00000000e+00  0.00000000e+00    0.00000000e+00  0.00000000e+00  0.00000000e+00 0 1
-2.14489225e+00 -5.81580585e+00  1.69505210e+01    0.00000000e+00  0.00000000e+00  0.00000000e+00    0.00000000e+00  0.00000000e+00  0.00000000e+00 0 1
-2.21591878e+00 -5.76765146e+00  1.59685374e+01    0.00000000e+00  0.00000000e+00  0.00000000e+00    0.00000000e+00  0.00000000e+00  0.00000000e+00 0 1
-4.89121024e+00  1.31078658e-01  1.79443146e+01    0.00000000e+00  0.00000000e+00  0.00000000e+00    0.00000000e+00  0.00000000e+00  0.00000000e+00 0 1
-4.79708433e+00 -4.24171680e-02  1.70386018e+01    0.00000000e+00  0.00000000e+00  0.00000000e+00    0.00000000e+00  0.00000000e+00  0.00000000e+00 0 1
-4.53445704e+00  2.64657786e-02  1.61387072e+01    0.00000000e+00  0.00000000e+00  0.00000000e+00    0.00000000e+00  0.00000000e+00  0.00000000e+00 0 1
-3.67301164e+00  7.13517259e+00  1.83374790e+01    0.00000000e+00  0.00000000e+00  0.00000000e+00    0.00000000e+00  0.00000000e+00  0.00000000e+00 0 1